0 1 3.754324472
0 2 20.48712029
0 3 19.18778095
1 0 3.754324472
2 0 20.48712029
3 0 19.18778095
3 4 131.0728743
4 3 131.0728743
4 5 1008.133081
5 4 1008.133081
6 7 113.8534475
7 6 113.8534475
7 8 186.325977
7 9 143.6497322
8 7 186.325977
9 7 143.6497322
10 11 574.0872494
11 10 574.0872494
11 12 120.8482372
11 14 431.3930825
12 11 120.8482372
13 14 944.0848939
14 13 944.0848939
14 11 431.3930825
14 20 668.57047
15 16 79.63849352
15 18 60.25164039
16 15 79.63849352
16 19 568.9510146
17 18 517.7572587
18 17 517.7572587
18 15 60.25164039
18 20 822.5407714
19 16 568.9510146
20 14 668.57047
20 18 822.5407714
